HybTupleEnumer:
if (depth == max_depth - 1) {
    tupleCount++;
    printMatchGNpos();

<<<

Email_lb20.dag lb20_cyc_c_q7.qry lb20_cyc_c_q7.vw

Email_lb20_lb20_cyc_c_q7__simgrBYVIEWS_rmvEmpty_FLTSIM_FULLCOVER_1.csv

3 views full rewriting, no uncovered / don't run ViewsRIsumGraph , 22 solns
1 3 5 12 
1 3 8 12 
1 18 8 56 
1 18 15 56 
3 51 26 103 
34 31 40 49 
34 31 41 49 
34 31 984 49 
34 992 40 48 
3343 31 4 49 
3343 31 8 49 
3343 31 40 49 
3663 16 8 106 
3663 16 4 190 
3663 16 41 249 
3663 16 4 668 
3663 31 4 49 
3663 31 8 49 
3663 31 41 49 
3663 31 45 49 
9368 16 4 190 
9368 16 4 668 

<<<
Email_lb20.dag lb20_cyc_c_q7.qry

fltsim
1 3 5 12 
1 3 8 12 
3663 16 8 106 
3663 16 4 190 
9368 16 4 190 
3663 16 41 249 
3663 16 4 668 
9368 16 4 668 
1 18 8 56 
1 18 15 56 
3343 31 4 49 
3663 31 4 49 
3343 31 8 49 
3663 31 8 49 
34 31 40 49 
3343 31 40 49 
34 31 41 49 
3663 31 41 49 
3663 31 45 49 
34 31 984 49 
3 51 26 103 
34 992 40 48 